1789618803361 28723019776 1515520
1789618803579 28646047744 74895360
1789618803787 28646047744 74895360
1789618803995 28646047744 74895360
1789618804202 28646047744 74895360
1789618804409 28646047744 74895360
1789618804617 28646043648 74899456
1789618804825 28646043648 74899456
1789618805032 28646043648 74899456
1789618805239 28646043648 74899456
1789618805450 28646043648 74899456
1789618805664 28646039552 74903552
1789618805872 28646039552 74903552
1789618806088 28646039552 74903552
1789618806296 28646039552 74903552
1789618806504 28646039552 74903552
1789618806712 28646035456 74907648
1789618806920 28646035456 74907648
1789618807128 28646035456 74907648
1789618807335 28646035456 74907648
1789618807545 28646035456 74907648
1789618807757 28646035456 74907648
1789618807965 28646035456 74907648
1789618808180 28646031360 74911744
1789618808393 28645986304 74911744
1789618808601 28645986304 74911744
1789618808808 28645904384 74911744
1789618809016 28645904384 74911744
1789618809224 28645904384 74911744
1789618809431 28645904384 74911744
1789618809639 28645904384 74911744
1789618809852 28645904384 74911744
1789618810068 28645904384 74911744
1789618810287 28645904384 74911744
1789618810495 28645904384 74911744
1789618810703 28645904384 74911744
1789618810910 28645904384 74911744
1789618811117 28645904384 74911744
1789618811325 28645904384 74911744
1789618811533 28645904384 74911744
1789618811742 28645904384 74911744
1789618811949 28645904384 74911744
1789618812158 28722741248 1507328
