1789607808782 30600609792 274432
1789607809065 30600605696 274432
1789607809304 30527414272 73465856
1789607809538 30527410176 73469952
1789607809773 30527410176 73469952
1789607810002 30527410176 73469952
1789607810231 30527410176 73469952
1789607810471 30527410176 73469952
1789607810706 30527410176 73474048
1789607810936 30527406080 73474048
1789607811162 30527406080 73474048
1789607811383 30527406080 73474048
1789607811612 30527406080 73474048
1789607811840 30527406080 73474048
1789607812073 30527406080 73474048
1789607812316 30527406080 73474048
1789607812559 30527401984 73478144
1789607812794 30527401984 73478144
1789607813041 30527401984 73478144
1789607813267 30527401984 73478144
1789607813490 30527401984 73478144
1789607813716 30527401984 73478144
1789607813937 30527401984 73478144
1789607814182 30527401984 73478144
1789607814419 30527397888 73482240
1789607814660 30527397888 73482240
1789607814888 30527397888 73482240
1789607815126 30527397888 73482240
1789607815381 30527397888 73482240
1789607815634 30527397888 73482240
1789607815899 30527397888 73482240
1789607816141 30527397888 73482240
1789607816371 30527397888 73482240
1789607816607 30527397888 73482240
1789607816852 30527389696 73486336
1789607817122 30527389696 73486336
1789607817379 30527389696 73486336
1789607817615 30527389696 73486336
1789607817848 30527389696 73486336
1789607818093 30527389696 73486336
1789607818350 30527389696 73486336
1789607818611 30527389696 73486336
1789607818850 30527389696 73486336
1789607819075 30527389696 73486336
1789607819317 30527389696 73486336
1789607819560 30527389696 73486336
1789607819793 30527389696 73486336
1789607820019 30527389696 73486336
1789607820251 30527389696 73486336
1789607820503 30527389696 73486336
1789607820778 30527385600 73486336
1789607821049 30600568832 303104
