1789614812181 29570818048 667648
1789614812423 29570809856 667648
1789614812654 29497479168 73998336
1789614812902 29497475072 74002432
1789614813135 29497475072 74002432
1789614813367 29497475072 74002432
1789614813614 29497475072 74002432
1789614813842 29497470976 74006528
1789614814081 29497470976 74006528
1789614814325 29497470976 74006528
1789614814580 29497470976 74006528
1789614814831 29497470976 74006528
1789614815060 29497470976 74006528
1789614815293 29497466880 74010624
1789614815528 29497466880 74010624
1789614815764 29497466880 74010624
1789614815998 29497466880 74010624
1789614816251 29497466880 74010624
1789614816512 29497466880 74010624
1789614816765 29497462784 74014720
1789614817013 29497462784 74014720
1789614817270 29497462784 74014720
1789614817521 29497462784 74014720
1789614817765 29497462784 74014720
1789614817996 29497462784 74014720
1789614818225 29497462784 74014720
1789614818451 29497462784 74014720
1789614818685 29497462784 74014720
1789614818919 29497458688 74018816
1789614819153 29497458688 74018816
1789614819380 29497458688 74018816
1789614819618 29497057280 74018816
1789614819847 29497454592 74018816
1789614820079 29497454592 74018816
1789614820315 29497454592 74018816
1789614820551 29497454592 74018816
1789614820804 29497454592 74018816
1789614821067 29497454592 74018816
1789614821294 29497454592 74018816
1789614821529 29497454592 74018816
1789614821759 29497454592 74018816
1789614821992 29497454592 74018816
1789614822242 29497454592 74018816
1789614822486 29497454592 74018816
1789614822719 29570777088 696320
