1789699497190 25003831296 1454080
1789699497402 24926801920 74833920
1789699497609 24926801920 74833920
1789699497817 24926801920 74833920
1789699498025 24926801920 74833920
1789699498234 24926801920 74833920
1789699498442 24926797824 74838016
1789699498654 24926797824 74838016
1789699498862 24926797824 74838016
1789699499070 24926797824 74838016
1789699499277 24926797824 74838016
1789699499485 24926793728 74842112
1789699499694 24926793728 74842112
1789699499902 24926789632 74842112
1789699500110 24926789632 74842112
1789699500318 24926789632 74842112
1789699500525 24926789632 74842112
1789699500733 24926785536 74846208
1789699500944 24926785536 74846208
1789699501157 24926785536 74846208
1789699501365 24926785536 74846208
1789699501573 24926785536 74846208
1789699501781 24926785536 74846208
1789699501990 24926785536 74846208
1789699502200 24926781440 74850304
1789699502411 24926781440 74850304
1789699502619 24926781440 74850304
1789699502826 24926707712 74850304
1789699503037 24926642176 74850304
1789699503249 24926482432 74850304
1789699503458 24926445568 74850304
1789699503666 24926445568 74850304
1789699503876 24926408704 74850304
1789699504084 24926408704 74850304
1789699504292 24926371840 74850304
1789699504501 24926371840 74850304
1789699504709 24926371840 74850304
1789699504918 24926371840 74850304
1789699505127 24926371840 74850304
1789699505337 24926334976 74850304
1789699505550 24926334976 74850304
1789699505763 24926330880 74850304
1789699505973 24926330880 74850304
1789699506183 24926330880 74850304
1789699506392 24926294016 74850304
1789699506601 24926294016 74850304
1789699506810 24926294016 74850304
1789699507019 24926294016 74850304
1789699507233 24926294016 74850304
1789699507441 24926294016 74850304
1789699507650 24926191616 74850304
