1789697769961 28379287552 446464
1789697770240 28379181056 446464
1789697770492 28302262272 73822208
1789697770738 28302262272 73822208
1789697770970 28302258176 73826304
1789697771229 28302258176 73826304
1789697771489 28302258176 73826304
1789697771718 28302258176 73826304
1789697771945 28302258176 73826304
1789697772174 28302258176 73826304
1789697772405 28302258176 73826304
1789697772637 28302258176 73826304
1789697772876 28302258176 73826304
1789697773116 28302258176 73826304
1789697773344 28302258176 73826304
1789697773574 28302254080 73826304
1789697773801 28302249984 73830400
1789697774045 28302249984 73830400
1789697774270 28302249984 73830400
1789697774517 28302249984 73830400
1789697774749 28302249984 73830400
1789697774980 28302249984 73830400
1789697775209 28302249984 73830400
1789697775434 28302249984 73830400
1789697775659 28302249984 73830400
1789697775891 28302249984 73830400
1789697776117 28302249984 73830400
1789697776346 28302249984 73830400
1789697776581 28302249984 73830400
1789697776818 28302245888 73834496
1789697777048 28302245888 73834496
1789697777286 28302245888 73834496
1789697777517 28302245888 73834496
1789697777757 28302245888 73834496
1789697777991 28302245888 73834496
1789697778223 28302245888 73834496
1789697778469 28302245888 73834496
1789697778709 28302245888 73834496
1789697778939 28302245888 73834496
1789697779178 28302245888 73834496
1789697779411 28302245888 73834496
1789697779653 28302245888 73834496
1789697779897 28302245888 73834496
1789697780130 28302241792 73838592
1789697780359 28302241792 73838592
1789697780582 28302241792 73838592
1789697780802 28302241792 73838592
1789697781025 28302241792 73838592
1789697781250 28302241792 73838592
1789697781489 28302241792 73838592
1789697781731 28302241792 73838592
1789697781975 28302241792 73838592
1789697782203 28302241792 73838592
1789697782433 28302241792 73838592
1789697782668 28302241792 73838592
1789697782893 28302237696 73838592
1789697783122 28302237696 73838592
1789697783366 28302237696 73838592
1789697783662 28302233600 73838592
1789697783911 28302233600 73838592
1789697784166 28302233600 73838592
1789697784407 28302233600 73838592
1789697784642 28302225408 73842688
1789697784876 28302225408 73842688
1789697785107 28302225408 73842688
1789697785332 28302225408 73842688
1789697785573 28302225408 73842688
1789697785809 28302225408 73842688
1789697786043 28302225408 73842688
1789697786281 28302225408 73842688
1789697786516 28302225408 73842688
1789697786756 28302225408 73842688
1789697786994 28302188544 73842688
1789697787227 28302114816 73842688
1789697787467 28302114816 73842688
1789697787694 28302086144 73842688
1789697787920 28302049280 73842688
1789697788151 28302049280 73842688
1789697788384 28302012416 73842688
1789697788611 28301987840 73842688
1789697788839 28301889536 73842688
1789697789063 28301852672 73842688
1789697789295 28301852672 73842688
1789697789531 28301852672 73842688
1789697789768 28301815808 73842688
1789697789999 28301815808 73842688
1789697790231 28301815808 73842688
1789697790465 28301815808 73842688
1789697790689 28301815808 73842688
1789697790911 28301815808 73842688
1789697791137 28301778944 73842688
1789697791362 28301778944 73842688
1789697791582 28301778944 73842688
1789697791804 28301778944 73842688
1789697792034 28301778944 73842688
1789697792252 28301778944 73842688
1789697792468 28301778944 73842688
1789697792686 28301742080 73842688
1789697792906 28301742080 73842688
1789697793125 28301742080 73842688
1789697793350 28301742080 73842688
1789697793575 28301717504 73842688
1789697793808 28301680640 73842688
1789697794029 28301680640 73842688
1789697794268 28301680640 73842688
1789697794490 28301680640 73842688
1789697794707 28301680640 73842688
1789697794927 28301680640 73842688
1789697795157 28301680640 73842688
1789697795378 28301578240 73842688
1789697795600 28301549568 73842688
